1.469310681342782254e-01 -2.469927916120496225e-01
-7.995818283088728107e-01 6.878755797535957006e-02
3.000752495047368518e-01 -5.637941782256773726e-03
4.246288047226827178e-01 1.138459852898888514e+00
1.003658077834120199e+00 -6.671318368472680671e-01
1.354442184402487870e-01 -2.460448616695729007e-01
1.378706588980213699e+00 -3.946309143823703014e-01
1.528718562086616828e+00 -3.811458703009391047e-01
7.792704374887756691e-01 -3.841082072574773520e-01
1.786370199037981665e+00 -4.591414714986460921e-03
1.111555282353216212e+00 -5.854635604113954672e-01
8.800281300113167449e-01 3.790209723335871139e-01
1.489634531670611106e-02 9.432042807130482931e-01
-5.566043107326467121e-01 5.186611021469081928e-01
7.250526683928129046e-01 -2.621795422311656854e-01
5.102785816124744134e-01 -3.555028180285832451e-01
-6.626377684351779651e-01 6.984467652760797396e-01
-3.120947196598504170e-01 8.703732685781886413e-01
-7.665805333449419168e-01 5.006691573457483502e-01
-6.879736242035608962e-01 7.359767056374787453e-01
5.034549883250521995e-02 9.793673946217523740e-01
1.877936738651920567e+00 -6.077262683647453867e-02
-1.106721174746533976e+00 1.282608099530677670e-01
9.312629959843869987e-01 -4.985816429876163136e-01
2.185798450760403355e+00 2.832147643411550009e-01
6.913414388351377671e-01 -5.843921231316080434e-01
-7.312595079422737343e-02 1.765737796630562351e-01
-5.820848979462900363e-01 9.370892711598729496e-01
-2.016396202424335093e-01 1.027070224027892831e+00
-8.940741475079831968e-01 4.072814231266974061e-01
-2.005484900088219669e-01 8.543163352841520730e-01
3.042782622927822644e-01 -1.776987971422488988e-01
7.615702761201026405e-01 6.276801859665955829e-01
6.040455436262160971e-01 9.168845803924999815e-01
1.859487443619855407e+00 -6.095529791203593839e-02
9.740943762625438040e-01 1.230517490663856073e-01
7.561503528091101378e-01 3.761431011314109174e-01
2.127188003698731844e+00 2.701714256109602474e-01
1.724089719862031966e-01 1.072301278850688266e+00
7.488794276255804627e-01 5.681070256040458011e-01
2.695062906667911595e-01 8.358398953247683227e-01
1.446616590115087364e+00 -4.334033442245441292e-01
1.953991420560281078e+00 7.275350007012607034e-02
1.224363976682004695e+00 -4.835377233651181883e-01
1.220696223769279359e-01 1.826725707744461524e-01
1.222573263868228233e-01 8.903008097094452511e-01
4.177778941679125557e-01 -1.691083734851588360e-01
-5.717425593124625394e-01 8.828011652962499678e-01
3.824898170145780707e-01 9.438688886474212447e-01
-6.748575124276864345e-01 8.460768486474691263e-01
1.320830670206028401e+00 -6.058700654368265326e-01
1.381378644219958041e+00 -5.558444820690080501e-01
-9.973928251552349744e-01 1.469447447356095893e-01
-8.262494751450769614e-01 4.998370939252912842e-02
9.691975469683395961e-01 7.925874661316588410e-02
5.301670492633006049e-01 8.856249325580297649e-01
6.296259328254678600e-01 -5.185971996708290677e-01
2.016845409886021123e+00 2.673005187153539852e-01
9.443450913951358938e-01 8.859930879369548595e-02
2.295147208649648551e-01 2.420421895755305031e-01
-9.495403116197793647e-01 2.575588692087315001e-01
6.295166558527318101e-02 5.319517718939708040e-01
2.097131160457974097e+00 1.512242837552568719e-01
2.279694717925969949e-01 -1.574104669265058709e-01
4.840007415846451222e-01 7.790405680774330488e-01
8.032420915161508912e-01 4.986201450139001734e-01
1.246489185404916045e+00 -3.363537277208202836e-01
7.965056249773653230e-01 -6.322754142359267027e-01
-8.320112517442346256e-01 2.977937126885851216e-01
2.501720121836281327e-02 2.601360441563537185e-01
1.620968390346028132e+00 -1.941505087158088561e-01
-7.635602835593358062e-02 1.899575100330639921e-01
1.075663179140823100e+00 -4.334108632813328255e-01
7.298837899709448296e-02 7.556341705126189134e-02
2.091989747211724926e-01 1.728360787390135767e-01
6.503457074174305852e-01 -4.299199431080407696e-01
-7.563663151981410149e-01 5.822449069446342662e-01
-1.148198355179612218e+00 4.470954128217473622e-01
1.701148575249871175e+00 -9.548157855266128924e-02
2.243871145116863863e-01 -1.177257584662036727e-01
1.799414362531185363e+00 1.429447300750695260e-01
1.061628380115946513e+00 2.143499689178258727e-01
1.604785468449390962e+00 -4.765212420902028567e-01
1.537696702778152069e+00 -2.969528278293078749e-01
1.085621145279399791e+00 7.650226268321114187e-02
-9.280738109254610402e-02 9.500474985467342037e-01
-1.288135759102705946e-01 1.000465614628861966e+00
1.995238531547020688e+00 5.194089113572625260e-01
2.094496703823543804e+00 5.871807229540181305e-01
-5.271522454499448784e-01 9.591041411363607772e-01
9.334645465841672207e-01 6.910517963573009625e-01
1.932441412148234505e+00 -1.219743689044463231e-01
9.329732588792970516e-01 4.655568700736525400e-01
8.123804260434334124e-01 4.281293592099634226e-01
8.560785172540480437e-02 9.213053904951146178e-01
1.711718531987090897e-01 3.433068949142741300e-01
7.446629315165452789e-01 7.071011611247692841e-01
2.659278039733560806e-01 1.084535160921398678e+00
4.414541488987260287e-01 8.216400027263554007e-01
-1.206073769404747420e+00 3.063894963377096214e-01
