-9.948847574331720622e-01 9.272880827804299564e-01
-4.595160512802247688e-01 -1.285469426519227909e-01
1.710134541725824686e+00 -1.910687071808072623e-01
9.193873512882722032e-01 -7.594128360530261190e-02
-1.915690456931101959e+00 -1.239549139740949713e-01
9.359201701884320990e-01 1.579116274748318283e+00
-9.111722730390385827e-01 -1.735428605107353306e+00
-1.210104943256552268e+00 1.557687835757795902e+00
2.280525065315894828e-01 -7.520908717963550316e-01
5.754483571279749299e-01 5.581969381785345519e-01
-3.984388439127282133e-01 -1.063776103348539337e-01
1.924257969345811947e+00 -1.164921827640426066e+00
1.204890446827740380e+00 1.898017289667173202e+00
1.047008075172714214e+00 -1.426395876251483674e+00
1.215954547482764436e+00 2.713459663154154100e-01
-1.808785942074640385e+00 -5.568156131715600310e-01
1.073096064507787162e+00 5.888753794318146717e-02
-6.402717489319429411e-01 6.783104958841903454e-01
4.633778650643454178e-01 -1.350725050533118310e+00
8.166831073216691550e-01 9.018185402240761483e-01
8.048539182083789711e+00 -3.315038005519016728e+00
5.676263655229766059e+00 1.835713650204034764e+00
7.081254482108681358e+00 3.426717075016886938e+00
8.344969772407596409e+00 -9.179740890596113090e-01
5.125211086515989223e+00 1.805312667435337914e+00
7.096953119659638709e+00 5.755130571445992160e-01
6.231234352073214744e+00 -4.456317077927165471e-01
4.663924858543662566e+00 -1.669913302801058208e+00
7.054315760563373061e+00 3.403035154287426423e+00
5.325574156750896293e+00 1.400663750616073955e+00
7.560913740543446337e+00 -7.903053864599733913e-01
8.651548662914887444e+00 -1.269010476238301433e+00
8.418959124284267403e+00 -2.110951383387513758e+00
8.583310745777996686e+00 2.570080387867133886e+00
5.609304182296764196e+00 -1.183770939779217102e+00
6.176115794043701257e+00 -2.108000957572109257e-02
9.178127714267965587e+00 -2.709314694827484882e+00
6.168360008657533200e+00 -1.998762384176524520e+00
9.599091635764722241e+00 -2.853938714433512658e-01
5.304562218080879354e+00 3.764466899374268039e+00
4.793034678916639812e+00 2.687877743636024164e+00
8.950865893895768366e+00 -9.271375619769788301e-01
8.043646644905544818e+00 -2.543193150252351931e+00
6.164228499560083563e+00 2.117050313393596284e+00
6.112662523278802773e+00 -1.009781756339354075e-01
4.285824530646786812e+00 3.580203212270172131e-01
7.347127785409947265e+00 -4.804037386026946521e+00
7.909366183334349820e+00 -1.096548568719197814e+00
7.616104825187804295e+00 2.737455110787384349e+00
9.125727924579210892e+00 4.094698959104359659e+00
6.635087178795178176e+00 -3.027390076622293869e+00
4.638060183079976362e+00 4.468516393243701756e+00
4.781180523944123628e+00 4.615518762039595657e+00
9.278751041590719950e+00 1.385795976637842486e+00
5.706457916913940664e+00 -2.042562338608116868e+00
4.638768080569681374e+00 -2.156291060907057577e+00
4.456540025743796818e+00 -4.480882569826430739e+00
6.337889996563198736e+00 -2.264271712778777257e+00
7.685440163644457812e+00 1.034495484614199157e+00
4.040190831451210940e+00 -4.892775354904856044e+00
6.199883424787433484e+00 1.029939811134377159e+00
4.566067416920255084e+00 1.160935891295471478e+00
7.452481576417538278e+00 4.784880052650191118e+00
4.446902605312187617e+00 2.308708842269158623e+00
9.807855575408899185e+00 -1.246004098490940404e+00
7.601067839635242684e+00 -2.668414956703769825e+00
7.076360906700257303e+00 4.345793114330820828e+00
9.210748269945801425e+00 -4.591852207710322986e-01
5.891782980660844160e+00 -1.784076165908052847e+00
8.005552175987487473e+00 -2.465438202786698341e-01
4.414766649226319117e+00 -2.043053815453668154e+00
9.656351764900119150e+00 3.097302820606946838e+00
9.191947305178773675e+00 3.188933113107996320e+00
8.606535096876832824e+00 -2.502834127330767267e+00
6.626010929759293511e+00 -4.638582998478746333e-01
9.018682595586462014e+00 5.588746492523704035e-01
5.903245113442288527e+00 4.441003386165078837e-01
7.749256115236967446e+00 -8.975114288438446053e-01
4.148821369840084650e+00 3.444758723313460891e+00
4.585228647572005656e+00 2.101028733720705866e+00
4.019077093027165759e+00 -3.396962702790887967e+00
9.813021370120706521e+00 2.154818448717924717e+00
8.425143710391937546e+00 3.333713554815194158e+00
4.322719304010526287e+00 -1.776229687287394832e+00
6.220494882706512740e+00 3.633454394013721611e+00
7.999488861462737965e+00 -4.973872325278710704e+00
8.920619902234651732e+00 2.423437485112476253e-01
5.187841821894180860e+00 -2.622159892541453541e+00
6.451211563918375802e+00 3.173813601701292342e+00
9.226065383574740153e+00 1.382575916803942206e+00
8.428764870928560526e+00 4.394888143060354579e+00
6.675770401665667819e+00 -1.050390109980198439e+00
4.300330492074555089e+00 -2.536289464757590650e-02
8.839300236624524132e+00 4.157472689163242308e+00
5.511041680823329791e+00 -1.732692637283705928e+00
8.403469993110283198e+00 -1.500974518364076360e+00
6.577435611156605688e+00 2.913128148061527867e-01
6.057117409783373319e+00 -4.535786864712797239e+00
8.603074991611855182e+00 -1.040666224862745182e+00
7.327276992299658787e+00 -3.274850361545433852e+00
7.823262827736058078e+00 -3.548972512779162702e+00
4.017014663652144435e+00 -3.249820083047817221e+00
9.705547808985652836e+00 4.080015545480611294e+00
7.361427780055603165e+00 2.487418942378934794e+00
8.623085963944602028e+00 9.973351874119806837e-01
8.838114449108850579e+00 -2.720138351914166641e+00
4.197817987956029562e+00 4.982193837347947962e+00
4.974117454215233103e+00 4.891921327821160403e-01
7.034033602117720996e+00 8.576787515945465401e-01
8.202459017663917606e+00 1.540153490824311078e+00
6.529025446940276645e+00 3.109483696917360263e+00
4.855802639020001976e+00 -3.346673317636073897e+00
8.510206014171801669e+00 3.031727856371650986e+00
6.076325116368748169e+00 3.268803620673470078e+00
5.033491426697196403e+00 -1.610106478497870253e+00
4.671067799880384896e+00 1.848171394402694290e+00
7.994712448660087567e+00 -1.772474217369790495e-02
9.337996613669069745e+00 2.383573427778235221e+00
5.581882718856190806e+00 -3.433762780614109111e+00
6.302872635162354520e+00 2.155257457085880901e+00
7.426834682282731137e+00 1.449941952415824353e+00
4.720530595979365529e+00 -4.273016237082677193e+00
8.691204287736608691e+00 4.979213986958830773e+00
9.202162204702489134e+00 2.513785669190601979e+00
8.378633161308608024e+00 -4.518994087839056206e+00
4.081706159010374257e+00 2.088631709378018009e+00
9.577029980079132088e+00 8.926353804804953995e-01
6.366032720332708728e+00 1.306847236402067125e+00
9.944161099443771690e+00 3.668324565700196160e-01
8.363496344065394439e+00 -3.346385076636141598e+00
9.782094657647590452e+00 3.452855844521707240e-02
8.338869976619850632e+00 4.982613365620913726e-01
7.303419641308096288e+00 1.828305016046456899e+00
4.588364272583898895e+00 -3.003090533168056631e+00
9.069965197755172071e+00 -6.540594304393394509e-01
5.828764964083021027e+00 3.325332248509784705e+00
9.591715464743614916e+00 -4.384775962335384136e+00
4.373299669876573148e+00 -6.633111326601301982e-01
4.652552824572672385e+00 3.043471583322221008e+00
8.643949006045771100e+00 1.650245946271889252e+00
6.582985639542105361e+00 2.657535359760188065e+00
8.431234569415302360e+00 6.475682765974859478e-01
6.716637910996244187e+00 3.556155273954033191e+00
8.224882897622542544e+00 -1.145078879519133785e+00
8.046217437803655059e+00 2.657806426729646176e+00
9.975439754136992576e+00 3.512583447492424682e+00
4.001482850812141834e+00 8.977459345588245654e-01
7.356203611448576041e+00 2.205643155750581563e+00
4.039580303640683212e+00 3.099604233763789907e+00
5.109554277108664166e+00 4.532874622670789222e+00
5.062984627869039578e+00 1.041069396686414628e+00
6.327912776757517399e+00 -3.547786500206946414e+00
5.107316546605123797e+00 2.056039392560640167e+00
8.209853593677163275e+00 -2.509511658811568680e+00
8.313398366538802264e+00 -4.339588636071115779e+00
9.732849503826951576e+00 3.169109351667032115e+00
6.890193817322998626e+00 -3.611814298642345378e+00
4.385176791189907775e+00 -1.654461093815124073e+00
8.252609316817036245e+00 -2.375723655171828597e-01
7.032052197206001054e+00 1.148250149926428598e+00
9.018756850995444552e+00 4.699042944129150357e-01
5.628811599135507215e+00 -2.980041828496707623e+00
8.531764464581970131e+00 -1.974693328729887121e+00
6.542863076072498174e+00 2.606106513711838879e+00
9.722578318520643137e+00 -1.478515076707206610e+00
6.489610616288918443e+00 3.877294022450708866e+00
4.303785503591090134e+00 -3.105898078575951793e+00
5.530653090530936566e+00 1.370630944746457303e+00
9.556668074671717861e+00 3.199819717736563263e+00
8.290470609789991840e+00 -2.487194695088321694e+00
6.577127199546136893e+00 -1.456177243079427086e+00
4.092669785543820993e+00 1.953301748730803311e+00
6.141948696957582499e+00 -1.255927718454952213e-01
5.900241040312531382e+00 -4.260635888391311354e+00
7.138945377805862691e+00 2.933854570696757591e+00
6.549907000976885385e+00 -1.072800233336401732e-02
7.315302044994548503e+00 2.586876491455725180e+00
4.967496816033436069e+00 -2.760770982859721556e+00
4.274914050104083429e+00 7.902895440610224753e-01
4.515125198020047748e+00 -2.729546812136823597e+00
5.014497112303784476e+00 3.814066007551655701e+00
8.689889359669923152e+00 2.734199313855226521e+00
5.627464044682215949e+00 3.159814759697582076e+00
4.477992611117725730e+00 -3.965563587009212299e+00
4.111485627113110830e+00 1.089246884152879069e+00
8.105936121825985552e+00 -2.235473425225742439e+00
5.283735528752931287e+00 2.122700068730329903e+00
9.533309535132794110e+00 1.611863633082135649e+00
4.864546108944178826e+00 -2.108609688780652469e+00
4.506342416528232420e+00 8.886484863924559718e-01
4.521322915173228374e+00 2.941052465154568196e+00
6.600157317915360089e+00 7.851972554523172221e-01
9.604022613792020380e+00 4.610616189822934530e+00
8.818624799092550148e+00 -1.128768917528044646e+00
5.902590205753485364e+00 3.800099421511067277e-01
7.949750626355154282e+00 4.435676112260805937e+00
9.738540111560091361e+00 -1.082845213249687077e+00
5.768493573315679690e+00 -4.122422324803329374e+00
8.536391193384247345e+00 -4.126189978720237406e+00
6.882862805152551999e+00 1.088277100496688021e+00
9.570649012950605439e+00 4.311449210375235097e+00
5.389341336742802469e+00 3.169463324374518720e+00
9.202641712361817383e+00 -7.423180375269353704e-01
9.611198782307345923e+00 1.914152760340504855e+00
7.533717677713826610e+00 -3.344312648265259647e+00
6.280408415998584459e+00 3.994978147493236875e+00
8.941387795105077529e+00 4.644657007364925150e-01
6.654305244259820284e+00 8.513476481594492995e-01
4.989544878893286572e+00 5.667349762511353362e-01
5.088038791215081957e+00 1.326540860843277159e-01
7.634638412059764789e+00 3.045330649252173671e-01
5.819521318014877487e+00 -2.519641410118137692e+00
8.308751121856181143e+00 -2.826066423709485687e+00
6.183375556917496851e+00 -9.099597025710881582e-01
6.175968245659731792e+00 -1.091919659044019220e+00
6.272557209776087994e+00 2.305091755159306643e+00
7.855059669127571809e+00 -3.876970626211261539e+00
7.617735173676559945e+00 2.468388330425852928e+00
9.028434443496117012e+00 -4.400793467503341994e+00
8.292283263000452820e+00 3.991873432150303103e+00
1.286780448590443982e+01 -8.924204506481459021e-02
1.226593291225406190e+01 -2.206640928480649855e+00
1.378468322872138963e+01 -2.748495612040607661e+00
1.257608763491058212e+01 -1.901279234824307274e+00
1.220023769799844970e+01 -2.611574675752030839e+00
1.318804289452840095e+01 -2.825149642203003353e+00
1.254289340242404194e+01 -1.469760331659580865e+00
1.339562210024515032e+01 -2.639649813094139930e+00
1.204254018547858962e+01 -1.668117225236787737e+00
1.205588046742794361e+01 -2.274579289247568692e+00
1.336546178774000282e+01 -1.300352029490174255e+00
1.317130708966131714e+01 -5.671539828696863239e-01
1.375845658110402603e+01 -8.331885288969802517e-01
1.271357806091238274e+01 -1.551925384212768710e+00
1.255699794167068539e+01 -6.123834271080914604e-01
1.335362635208632831e+01 -2.716954959381091328e+00
1.278082770995039930e+01 -8.715471330329909172e-01
1.204260629479421674e+01 -3.215298465556291063e-01
1.315192150046431685e+01 -2.152848278413152183e+00
1.375906427767908724e+01 -2.399171591586339858e+00
1.338738960073192708e+01 -1.898917159418041845e+00
1.270914547452663612e+01 -1.236707187401240526e+00
1.253756381414938836e+01 -1.213199463056146232e+00
1.287297254350068165e+01 -1.595281491407920083e+00
1.257404423378557468e+01 -1.019931354720107652e+00
1.308518443422186017e+01 -2.382401845989581268e+00
1.206295359752060214e+01 -4.032293545782614785e-01
1.343748740315833956e+01 -1.523962243641969305e+00
1.254963036523043662e+01 -3.796030311509506205e-01
1.239686235595982389e+01 -1.720129321095193120e+00
1.317274873524962153e+01 -2.398743575384890470e+00
1.246562364391048661e+01 -2.409382655710857968e+00
1.233059694078979085e+01 -1.722697525696287535e+00
1.254838490537750140e+01 -2.955751568535072593e+00
1.219263235866821304e+01 -2.271927285164149435e+00
1.247688308508325150e+01 -1.422421317320794021e+00
1.347556758314070713e+01 -1.446137639673314990e+00
1.341172213133381952e+01 -1.475214149831845845e+00
1.262557320919361814e+01 -2.463619591820824795e+00
1.338794369191652045e+01 -1.679894170817763044e+00
